Iter Time[s] OmegaResidual
     1 0.0100 2.943479e-02
     2 0.0200 2.500410e-02
     3 0.0300 2.374649e-02
     4 0.0400 2.244342e-02
     5 0.0500 2.116510e-02
     6 0.0600 1.992365e-02
     7 0.0700 1.872446e-02
     8 0.0800 1.757204e-02
     9 0.0900 1.647046e-02
    10 0.1000 1.542329e-02
    11 0.1100 1.443351e-02
    12 0.1200 1.350354e-02
    13 0.1300 1.263515e-02
    14 0.1400 1.182948e-02
    15 0.1500 1.108701e-02
    16 0.1600 1.040761e-02
    17 0.1700 9.790484e-03
    18 0.1800 9.234234e-03
    19 0.1900 8.736846e-03
    20 0.2000 8.295737e-03
    21 0.2100 7.907801e-03
    22 0.2200 7.569476e-03
    23 0.2300 7.276838e-03
    24 0.2400 7.025707e-03
    25 0.2500 6.811768e-03
    26 0.2600 6.630694e-03
    27 0.2700 6.478264e-03
    28 0.2800 6.350462e-03
    29 0.2900 6.243556e-03
    30 0.3000 6.154152e-03
    31 0.3100 6.079222e-03
    32 0.3200 6.016115e-03
    33 0.3300 5.962546e-03
    34 0.3400 5.916574e-03
    35 0.3500 5.876573e-03
    36 0.3600 5.841202e-03
    37 0.3700 5.809363e-03
    38 0.3800 5.780174e-03
    39 0.3900 5.752935e-03
    40 0.4000 5.727095e-03
    41 0.4100 5.702234e-03
    42 0.4200 5.678035e-03
    43 0.4300 5.654267e-03
    44 0.4400 5.630768e-03
    45 0.4500 5.607430e-03
    46 0.4600 5.584190e-03
    47 0.4700 5.561020e-03
    48 0.4800 5.537917e-03
    49 0.4900 5.514898e-03
    50 0.5000 5.491995e-03
    51 0.5100 5.469253e-03
    52 0.5200 5.446724e-03
    53 0.5300 5.424464e-03
    54 0.5400 5.402536e-03
    55 0.5500 5.381003e-03
    56 0.5600 5.359931e-03
    57 0.5700 5.339384e-03
    58 0.5800 5.319429e-03
    59 0.5900 5.300129e-03
    60 0.6000 5.281544e-03
    61 0.6100 5.263736e-03
    62 0.6200 5.246762e-03
    63 0.6300 5.230676e-03
    64 0.6400 5.215533e-03
    65 0.6500 5.201382e-03
    66 0.6600 5.188272e-03
    67 0.6700 5.176250e-03
    68 0.6800 5.165360e-03
    69 0.6900 5.155644e-03
    70 0.7000 5.147141e-03
    71 0.7100 5.139891e-03
    72 0.7200 5.133929e-03
    73 0.7300 5.129291e-03
    74 0.7400 5.126009e-03
    75 0.7500 5.124118e-03
    76 0.7600 5.123649e-03
    77 0.7700 5.124637e-03
    78 0.7800 5.127114e-03
    79 0.7900 5.131115e-03
    80 0.8000 5.136673e-03
    81 0.8100 5.143823e-03
    82 0.8200 5.152598e-03
    83 0.8300 5.163035e-03
    84 0.8400 5.175167e-03
    85 0.8500 5.189029e-03
    86 0.8600 5.204658e-03
    87 0.8700 5.222089e-03
    88 0.8800 5.241360e-03
    89 0.8900 5.262508e-03
    90 0.9000 5.285571e-03
    91 0.9100 5.310587e-03
    92 0.9200 5.337595e-03
    93 0.9300 5.366634e-03
    94 0.9400 5.397742e-03
    95 0.9500 5.430956e-03
    96 0.9600 5.466314e-03
    97 0.9700 5.503856e-03
    98 0.9800 5.543621e-03
    99 0.9900 5.585650e-03
   100 1.0000 5.629985e-03
   101 1.0100 5.676671e-03
   102 1.0200 5.725751e-03
   103 1.0300 5.777273e-03
   104 1.0400 5.831283e-03
   105 1.0500 5.887828e-03
   106 1.0600 5.946958e-03
   107 1.0700 6.008721e-03
   108 1.0800 6.073169e-03
   109 1.0900 6.140354e-03
   110 1.1000 6.210329e-03
   111 1.1100 6.283150e-03
   112 1.1200 6.358874e-03
   113 1.1300 6.437558e-03
   114 1.1400 6.519259e-03
   115 1.1500 6.604037e-03
   116 1.1600 6.691948e-03
   117 1.1700 6.783051e-03
   118 1.1800 6.877404e-03
   119 1.1900 6.975066e-03
   120 1.2000 7.076097e-03
   121 1.2100 7.180560e-03
   122 1.2200 7.288520e-03
   123 1.2300 7.400045e-03
   124 1.2400 7.515205e-03
   125 1.2500 7.634071e-03
   126 1.2600 7.756717e-03
   127 1.2700 7.883220e-03
   128 1.2800 8.013656e-03
   129 1.2900 8.148105e-03
   130 1.3000 8.286650e-03
   131 1.3100 8.429376e-03
   132 1.3200 8.576372e-03
   133 1.3300 8.727729e-03
   134 1.3400 8.883541e-03
   135 1.3500 9.043903e-03
   136 1.3600 9.208913e-03
   137 1.3700 9.378669e-03
   138 1.3800 9.553269e-03
   139 1.3900 9.732810e-03
   140 1.4000 9.917392e-03
   141 1.4100 1.010711e-02
   142 1.4200 1.030208e-02
   143 1.4300 1.050240e-02
   144 1.4400 1.070818e-02
   145 1.4500 1.091953e-02
   146 1.4600 1.113658e-02
   147 1.4700 1.135945e-02
   148 1.4800 1.158827e-02
   149 1.4900 1.182317e-02
   150 1.5000 1.206428e-02
   151 1.5100 1.231174e-02
   152 1.5200 1.256570e-02
   153 1.5300 1.282631e-02
   154 1.5400 1.309372e-02
   155 1.5500 1.336809e-02
   156 1.5600 1.364959e-02
   157 1.5700 1.393839e-02
   158 1.5800 1.423464e-02
   159 1.5900 1.453853e-02
   160 1.6000 1.485023e-02
   161 1.6100 1.516990e-02
   162 1.6200 1.549771e-02
   163 1.6300 1.583384e-02
   164 1.6400 1.617847e-02
   165 1.6500 1.653177e-02
   166 1.6600 1.689394e-02
   167 1.6700 1.726516e-02
   168 1.6800 1.764564e-02
   169 1.6900 1.803559e-02
   170 1.7000 1.843523e-02
   171 1.7100 1.884477e-02
   172 1.7200 1.926445e-02
   173 1.7300 1.969450e-02
   174 1.7400 2.013516e-02
   175 1.7500 2.058668e-02
   176 1.7600 2.104933e-02
   177 1.7700 2.152338e-02
   178 1.7800 2.200910e-02
   179 1.7900 2.250676e-02
   180 1.8000 2.301664e-02
   181 1.8100 2.353902e-02
   182 1.8200 2.407418e-02
   183 1.8300 2.462240e-02
   184 1.8400 2.518394e-02
   185 1.8500 2.575907e-02
   186 1.8600 2.634805e-02
   187 1.8700 2.695120e-02
   188 1.8800 2.756879e-02
   189 1.8900 2.820112e-02
   190 1.9000 2.884847e-02
   191 1.9100 2.951117e-02
   192 1.9200 3.018954e-02
   193 1.9300 3.088395e-02
   194 1.9400 3.159472e-02
   195 1.9500 3.232220e-02
   196 1.9600 3.306672e-02
   197 1.9700 3.382868e-02
   198 1.9800 3.460849e-02
   199 1.9900 3.540656e-02
   200 2.0000 3.622324e-02
   201 2.0100 3.705890e-02
   202 2.0200 3.791392e-02
   203 2.0300 3.878873e-02
   204 2.0400 3.968371e-02
   205 2.0500 4.059921e-02
   206 2.0600 4.153552e-02
   207 2.0700 4.249293e-02
   208 2.0800 4.347178e-02
   209 2.0900 4.447246e-02
   210 2.1000 4.549532e-02
   211 2.1100 4.654060e-02
   212 2.1200 4.760858e-02
   213 2.1300 4.869958e-02
   214 2.1400 4.981401e-02
   215 2.1500 5.095229e-02
   216 2.1600 5.211476e-02
   217 2.1700 5.330163e-02
   218 2.1800 5.451320e-02
   219 2.1900 5.574989e-02
   220 2.2000 5.701222e-02
   221 2.2100 5.830058e-02
   222 2.2200 5.961517e-02
   223 2.2300 6.095611e-02
   224 2.2400 6.232367e-02
   225 2.2500 6.371827e-02
   226 2.2600 6.514027e-02
   227 2.2700 6.658972e-02
   228 2.2800 6.806639e-02
   229 2.2900 6.957012e-02
   230 2.3000 7.110105e-02
   231 2.3100 7.265944e-02
   232 2.3200 7.424530e-02
   233 2.3300 7.585818e-02
   234 2.3400 7.749755e-02
   235 2.3500 7.916322e-02
   236 2.3600 8.085548e-02
   237 2.3700 8.257451e-02
   238 2.3800 8.431993e-02
   239 2.3900 8.609088e-02
   240 2.4000 8.788672e-02
   241 2.4100 8.970757e-02
   242 2.4200 9.155389e-02
   243 2.4300 9.342555e-02
   244 2.4400 9.532139e-02
   245 2.4500 9.723995e-02
   246 2.4600 9.918063e-02
   247 2.4700 1.011438e-01
   248 2.4800 1.031294e-01
   249 2.4900 1.051361e-01
   250 2.5000 1.071613e-01
   251 2.5100 1.092030e-01
   252 2.5200 1.112608e-01
   253 2.5300 1.133351e-01
   254 2.5400 1.154248e-01
   255 2.5500 1.175267e-01
   256 2.5600 1.196375e-01
   257 2.5700 1.217560e-01
   258 2.5800 1.238829e-01
   259 2.5900 1.260187e-01
   260 2.6000 1.281609e-01
   261 2.6100 1.303051e-01
   262 2.6200 1.324487e-01
   263 2.6300 1.345922e-01
   264 2.6400 1.367380e-01
   265 2.6500 1.388858e-01
   266 2.6600 1.410311e-01
   267 2.6700 1.431683e-01
   268 2.6800 1.452962e-01
   269 2.6900 1.474185e-01
   270 2.7000 1.495382e-01
   271 2.7100 1.516514e-01
   272 2.7200 1.537496e-01
   273 2.7300 1.558280e-01
   274 2.7400 1.578904e-01
   275 2.7500 1.599438e-01
   276 2.7600 1.619878e-01
   277 2.7700 1.640137e-01
   278 2.7800 1.660130e-01
   279 2.7900 1.679878e-01
   280 2.8000 1.699492e-01
   281 2.8100 1.719052e-01
   282 2.8200 1.738513e-01
   283 2.8300 1.757753e-01
   284 2.8400 1.776737e-01
   285 2.8500 1.795610e-01
   286 2.8600 1.814573e-01
   287 2.8700 1.833661e-01
   288 2.8800 1.852708e-01
   289 2.8900 1.871597e-01
   290 2.9000 1.890478e-01
   291 2.9100 1.909663e-01
   292 2.9200 1.929294e-01
   293 2.9300 1.949202e-01
   294 2.9400 1.969167e-01
   295 2.9500 1.989254e-01
   296 2.9600 2.009853e-01
   297 2.9700 2.031321e-01
   298 2.9800 2.053587e-01
   299 2.9900 2.076204e-01
   300 3.0000 2.098981e-01
   301 3.0100 2.122455e-01
   302 3.0200 2.147410e-01
   303 3.0300 2.173829e-01
   304 3.0400 2.200777e-01
   305 3.0500 2.227653e-01
   306 3.0600 2.255190e-01
   307 3.0700 2.284632e-01
   308 3.0800 2.316016e-01
   309 3.0900 2.347829e-01
   310 3.1000 2.378630e-01
   311 3.1100 2.408811e-01
   312 3.1200 2.440378e-01
   313 3.1300 2.474471e-01
   314 3.1400 2.509108e-01
   315 3.1500 2.540543e-01
   316 3.1600 2.567883e-01
   317 3.1700 2.595345e-01
   318 3.1800 2.627608e-01
   319 3.1900 2.662891e-01
   320 3.2000 2.693812e-01
   321 3.2100 2.716901e-01
   322 3.2200 2.739169e-01
   323 3.2300 2.771304e-01
   324 3.2400 2.813755e-01
   325 3.2500 2.853995e-01
   326 3.2600 2.881739e-01
   327 3.2700 2.906071e-01
   328 3.2800 2.949314e-01
   329 3.2900 3.018162e-01
   330 3.3000 3.088283e-01
   331 3.3100 3.135635e-01
   332 3.3200 3.177173e-01
   333 3.3300 3.249379e-01
   334 3.3400 3.358727e-01
   335 3.3500 3.483623e-01
   336 3.3600 3.615010e-01
   337 3.3700 3.754213e-01
   338 3.3800 3.951118e-01
   339 3.3900 4.465506e-01
   340 3.4000 5.467885e-01
   341 3.4100 6.785177e-01
   342 3.4200 7.437226e-01
   343 3.4300 8.422153e-01
   344 3.4400 1.291832e+00
   345 3.4500 1.512192e+00
   346 3.4600 2.074631e+00
   347 3.4700 3.025112e+00
   348 3.4800 4.391240e+00
   349 3.4900 3.178843e+01
   350 3.5000 7.824966e+02
   351 3.5100 7.581585e+05
   352 3.5200 9.855662e+11
   353 3.5300 6.481159e+23
   354 3.5400 8.890985e+47
   355 3.5500          inf
   356 3.5600          nan
   357 3.5700          nan
   358 3.5800          nan
   359 3.5900          nan
   360 3.6000          nan
   361 3.6100          nan
   362 3.6200          nan
   363 3.6300          nan
   364 3.6400          nan
   365 3.6500          nan
   366 3.6600          nan
   367 3.6700          nan
   368 3.6800          nan
   369 3.6900          nan
   370 3.7000          nan
   371 3.7100          nan
   372 3.7200          nan
   373 3.7300          nan
   374 3.7400          nan
   375 3.7500          nan
   376 3.7600          nan
   377 3.7700          nan
   378 3.7800          nan
   379 3.7900          nan
   380 3.8000          nan
   381 3.8100          nan
   382 3.8200          nan
   383 3.8300          nan
   384 3.8400          nan
   385 3.8500          nan
   386 3.8600          nan
   387 3.8700          nan
   388 3.8800          nan
   389 3.8900          nan
   390 3.9000          nan
   391 3.9100          nan
   392 3.9200          nan
   393 3.9300          nan
   394 3.9400          nan
   395 3.9500          nan
   396 3.9600          nan
   397 3.9700          nan
   398 3.9800          nan
   399 3.9900          nan
   400 4.0000          nan
   401 4.0100          nan
   402 4.0200          nan
   403 4.0300          nan
   404 4.0400          nan
   405 4.0500          nan
   406 4.0600          nan
   407 4.0700          nan
   408 4.0800          nan
   409 4.0900          nan
   410 4.1000          nan
   411 4.1100          nan
   412 4.1200          nan
   413 4.1300          nan
   414 4.1400          nan
   415 4.1500          nan
   416 4.1600          nan
   417 4.1700          nan
   418 4.1800          nan
   419 4.1900          nan
   420 4.2000          nan
   421 4.2100          nan
   422 4.2200          nan
   423 4.2300          nan
   424 4.2400          nan
   425 4.2500          nan
   426 4.2600          nan
   427 4.2700          nan
   428 4.2800          nan
   429 4.2900          nan
   430 4.3000          nan
   431 4.3100          nan
   432 4.3200          nan
   433 4.3300          nan
   434 4.3400          nan
   435 4.3500          nan
   436 4.3600          nan
   437 4.3700          nan
   438 4.3800          nan
   439 4.3900          nan
   440 4.4000          nan
   441 4.4100          nan
   442 4.4200          nan
   443 4.4300          nan
   444 4.4400          nan
   445 4.4500          nan
   446 4.4600          nan
   447 4.4700          nan
   448 4.4800          nan
   449 4.4900          nan
   450 4.5000          nan
   451 4.5100          nan
   452 4.5200          nan
   453 4.5300          nan
   454 4.5400          nan
   455 4.5500          nan
   456 4.5600          nan
   457 4.5700          nan
   458 4.5800          nan
   459 4.5900          nan
   460 4.6000          nan
   461 4.6100          nan
   462 4.6200          nan
   463 4.6300          nan
   464 4.6400          nan
   465 4.6500          nan
   466 4.6600          nan
   467 4.6700          nan
   468 4.6800          nan
   469 4.6900          nan
   470 4.7000          nan
   471 4.7100          nan
   472 4.7200          nan
   473 4.7300          nan
   474 4.7400          nan
   475 4.7500          nan
   476 4.7600          nan
   477 4.7700          nan
   478 4.7800          nan
   479 4.7900          nan
   480 4.8000          nan
   481 4.8100          nan
   482 4.8200          nan
   483 4.8300          nan
   484 4.8400          nan
   485 4.8500          nan
   486 4.8600          nan
   487 4.8700          nan
   488 4.8800          nan
   489 4.8900          nan
   490 4.9000          nan
   491 4.9100          nan
   492 4.9200          nan
   493 4.9300          nan
   494 4.9400          nan
   495 4.9500          nan
   496 4.9600          nan
   497 4.9700          nan
   498 4.9800          nan
   499 4.9900          nan
   500 5.0000          nan
   501 5.0100          nan
   502 5.0200          nan
   503 5.0300          nan
   504 5.0400          nan
   505 5.0500          nan
   506 5.0600          nan
   507 5.0700          nan
   508 5.0800          nan
   509 5.0900          nan
   510 5.1000          nan
   511 5.1100          nan
   512 5.1200          nan
   513 5.1300          nan
   514 5.1400          nan
   515 5.1500          nan
   516 5.1600          nan
   517 5.1700          nan
   518 5.1800          nan
   519 5.1900          nan
   520 5.2000          nan
   521 5.2100          nan
   522 5.2200          nan
   523 5.2300          nan
   524 5.2400          nan
   525 5.2500          nan
   526 5.2600          nan
   527 5.2700          nan
   528 5.2800          nan
   529 5.2900          nan
   530 5.3000          nan
   531 5.3100          nan
   532 5.3200          nan
   533 5.3300          nan
   534 5.3400          nan
   535 5.3500          nan
   536 5.3600          nan
   537 5.3700          nan
   538 5.3800          nan
   539 5.3900          nan
   540 5.4000          nan
   541 5.4100          nan
   542 5.4200          nan
   543 5.4300          nan
   544 5.4400          nan
   545 5.4500          nan
   546 5.4600          nan
   547 5.4700          nan
   548 5.4800          nan
   549 5.4900          nan
   550 5.5000          nan
   551 5.5100          nan
   552 5.5200          nan
   553 5.5300          nan
   554 5.5400          nan
   555 5.5500          nan
   556 5.5600          nan
   557 5.5700          nan
   558 5.5800          nan
   559 5.5900          nan
   560 5.6000          nan
   561 5.6100          nan
   562 5.6200          nan
   563 5.6300          nan
   564 5.6400          nan
   565 5.6500          nan
   566 5.6600          nan
   567 5.6700          nan
   568 5.6800          nan
   569 5.6900          nan
   570 5.7000          nan
   571 5.7100          nan
   572 5.7200          nan
   573 5.7300          nan
   574 5.7400          nan
   575 5.7500          nan
   576 5.7600          nan
   577 5.7700          nan
   578 5.7800          nan
   579 5.7900          nan
   580 5.8000          nan
   581 5.8100          nan
   582 5.8200          nan
   583 5.8300          nan
   584 5.8400          nan
   585 5.8500          nan
   586 5.8600          nan
   587 5.8700          nan
   588 5.8800          nan
   589 5.8900          nan
   590 5.9000          nan
   591 5.9100          nan
   592 5.9200          nan
   593 5.9300          nan
   594 5.9400          nan
   595 5.9500          nan
   596 5.9600          nan
   597 5.9700          nan
   598 5.9800          nan
   599 5.9900          nan
   600 6.0000          nan
   601 6.0100          nan
   602 6.0200          nan
   603 6.0300          nan
   604 6.0400          nan
   605 6.0500          nan
   606 6.0600          nan
   607 6.0700          nan
   608 6.0800          nan
   609 6.0900          nan
   610 6.1000          nan
   611 6.1100          nan
   612 6.1200          nan
   613 6.1300          nan
   614 6.1400          nan
   615 6.1500          nan
   616 6.1600          nan
   617 6.1700          nan
   618 6.1800          nan
   619 6.1900          nan
   620 6.2000          nan
   621 6.2100          nan
   622 6.2200          nan
   623 6.2300          nan
   624 6.2400          nan
   625 6.2500          nan
   626 6.2600          nan
   627 6.2700          nan
   628 6.2800          nan
   629 6.2900          nan
   630 6.3000          nan
   631 6.3100          nan
   632 6.3200          nan
   633 6.3300          nan
   634 6.3400          nan
   635 6.3500          nan
   636 6.3600          nan
   637 6.3700          nan
   638 6.3800          nan
   639 6.3900          nan
   640 6.4000          nan
   641 6.4100          nan
   642 6.4200          nan
   643 6.4300          nan
   644 6.4400          nan
   645 6.4500          nan
   646 6.4600          nan
   647 6.4700          nan
   648 6.4800          nan
   649 6.4900          nan
   650 6.5000          nan
   651 6.5100          nan
   652 6.5200          nan
   653 6.5300          nan
   654 6.5400          nan
   655 6.5500          nan
   656 6.5600          nan
   657 6.5700          nan
   658 6.5800          nan
   659 6.5900          nan
   660 6.6000          nan
   661 6.6100          nan
   662 6.6200          nan
   663 6.6300          nan
   664 6.6400          nan
   665 6.6500          nan
   666 6.6600          nan
   667 6.6700          nan
   668 6.6800          nan
   669 6.6900          nan
   670 6.7000          nan
   671 6.7100          nan
   672 6.7200          nan
   673 6.7300          nan
   674 6.7400          nan
   675 6.7500          nan
   676 6.7600          nan
   677 6.7700          nan
   678 6.7800          nan
   679 6.7900          nan
   680 6.8000          nan
   681 6.8100          nan
   682 6.8200          nan
   683 6.8300          nan
   684 6.8400          nan
   685 6.8500          nan
   686 6.8600          nan
   687 6.8700          nan
   688 6.8800          nan
   689 6.8900          nan
   690 6.9000          nan
   691 6.9100          nan
   692 6.9200          nan
   693 6.9300          nan
   694 6.9400          nan
   695 6.9500          nan
   696 6.9600          nan
   697 6.9700          nan
   698 6.9800          nan
   699 6.9900          nan
   700 7.0000          nan
   701 7.0100          nan
   702 7.0200          nan
   703 7.0300          nan
   704 7.0400          nan
   705 7.0500          nan
   706 7.0600          nan
   707 7.0700          nan
   708 7.0800          nan
   709 7.0900          nan
   710 7.1000          nan
   711 7.1100          nan
   712 7.1200          nan
   713 7.1300          nan
   714 7.1400          nan
   715 7.1500          nan
   716 7.1600          nan
   717 7.1700          nan
   718 7.1800          nan
   719 7.1900          nan
   720 7.2000          nan
   721 7.2100          nan
   722 7.2200          nan
   723 7.2300          nan
   724 7.2400          nan
   725 7.2500          nan
   726 7.2600          nan
   727 7.2700          nan
   728 7.2800          nan
   729 7.2900          nan
   730 7.3000          nan
   731 7.3100          nan
   732 7.3200          nan
   733 7.3300          nan
   734 7.3400          nan
   735 7.3500          nan
   736 7.3600          nan
   737 7.3700          nan
   738 7.3800          nan
   739 7.3900          nan
   740 7.4000          nan
   741 7.4100          nan
   742 7.4200          nan
   743 7.4300          nan
   744 7.4400          nan
   745 7.4500          nan
   746 7.4600          nan
   747 7.4700          nan
   748 7.4800          nan
   749 7.4900          nan
   750 7.5000          nan
   751 7.5100          nan
   752 7.5200          nan
   753 7.5300          nan
   754 7.5400          nan
   755 7.5500          nan
   756 7.5600          nan
   757 7.5700          nan
   758 7.5800          nan
   759 7.5900          nan
   760 7.6000          nan
   761 7.6100          nan
   762 7.6200          nan
   763 7.6300          nan
   764 7.6400          nan
   765 7.6500          nan
   766 7.6600          nan
   767 7.6700          nan
   768 7.6800          nan
   769 7.6900          nan
   770 7.7000          nan
   771 7.7100          nan
   772 7.7200          nan
   773 7.7300          nan
   774 7.7400          nan
   775 7.7500          nan
   776 7.7600          nan
   777 7.7700          nan
   778 7.7800          nan
   779 7.7900          nan
   780 7.8000          nan
   781 7.8100          nan
   782 7.8200          nan
   783 7.8300          nan
   784 7.8400          nan
   785 7.8500          nan
   786 7.8600          nan
   787 7.8700          nan
   788 7.8800          nan
   789 7.8900          nan
   790 7.9000          nan
   791 7.9100          nan
   792 7.9200          nan
   793 7.9300          nan
   794 7.9400          nan
   795 7.9500          nan
   796 7.9600          nan
   797 7.9700          nan
   798 7.9800          nan
   799 7.9900          nan
   800 8.0000          nan
   801 8.0100          nan
   802 8.0200          nan
   803 8.0300          nan
   804 8.0400          nan
   805 8.0500          nan
   806 8.0600          nan
   807 8.0700          nan
   808 8.0800          nan
   809 8.0900          nan
   810 8.1000          nan
   811 8.1100          nan
   812 8.1200          nan
   813 8.1300          nan
   814 8.1400          nan
   815 8.1500          nan
   816 8.1600          nan
   817 8.1700          nan
   818 8.1800          nan
   819 8.1900          nan
   820 8.2000          nan
   821 8.2100          nan
   822 8.2200          nan
   823 8.2300          nan
   824 8.2400          nan
   825 8.2500          nan
   826 8.2600          nan
   827 8.2700          nan
   828 8.2800          nan
   829 8.2900          nan
   830 8.3000          nan
   831 8.3100          nan
   832 8.3200          nan
   833 8.3300          nan
   834 8.3400          nan
   835 8.3500          nan
   836 8.3600          nan
   837 8.3700          nan
   838 8.3800          nan
   839 8.3900          nan
   840 8.4000          nan
   841 8.4100          nan
   842 8.4200          nan
   843 8.4300          nan
   844 8.4400          nan
   845 8.4500          nan
   846 8.4600          nan
   847 8.4700          nan
   848 8.4800          nan
   849 8.4900          nan
   850 8.5000          nan
   851 8.5100          nan
   852 8.5200          nan
   853 8.5300          nan
   854 8.5400          nan
   855 8.5500          nan
   856 8.5600          nan
   857 8.5700          nan
   858 8.5800          nan
   859 8.5900          nan
   860 8.6000          nan
   861 8.6100          nan
   862 8.6200          nan
   863 8.6300          nan
   864 8.6400          nan
   865 8.6500          nan
   866 8.6600          nan
   867 8.6700          nan
   868 8.6800          nan
   869 8.6900          nan
   870 8.7000          nan
   871 8.7100          nan
   872 8.7200          nan
   873 8.7300          nan
   874 8.7400          nan
   875 8.7500          nan
   876 8.7600          nan
   877 8.7700          nan
   878 8.7800          nan
   879 8.7900          nan
   880 8.8000          nan
   881 8.8100          nan
   882 8.8200          nan
   883 8.8300          nan
   884 8.8400          nan
   885 8.8500          nan
   886 8.8600          nan
   887 8.8700          nan
   888 8.8800          nan
   889 8.8900          nan
   890 8.9000          nan
   891 8.9100          nan
   892 8.9200          nan
   893 8.9300          nan
   894 8.9400          nan
   895 8.9500          nan
   896 8.9600          nan
   897 8.9700          nan
   898 8.9800          nan
   899 8.9900          nan
   900 9.0000          nan
   901 9.0100          nan
   902 9.0200          nan
   903 9.0300          nan
   904 9.0400          nan
   905 9.0500          nan
   906 9.0600          nan
   907 9.0700          nan
   908 9.0800          nan
   909 9.0900          nan
   910 9.1000          nan
   911 9.1100          nan
   912 9.1200          nan
   913 9.1300          nan
   914 9.1400          nan
   915 9.1500          nan
   916 9.1600          nan
   917 9.1700          nan
   918 9.1800          nan
   919 9.1900          nan
   920 9.2000          nan
   921 9.2100          nan
   922 9.2200          nan
   923 9.2300          nan
   924 9.2400          nan
   925 9.2500          nan
   926 9.2600          nan
   927 9.2700          nan
   928 9.2800          nan
   929 9.2900          nan
   930 9.3000          nan
   931 9.3100          nan
   932 9.3200          nan
   933 9.3300          nan
   934 9.3400          nan
   935 9.3500          nan
   936 9.3600          nan
   937 9.3700          nan
   938 9.3800          nan
   939 9.3900          nan
   940 9.4000          nan
   941 9.4100          nan
   942 9.4200          nan
   943 9.4300          nan
   944 9.4400          nan
   945 9.4500          nan
   946 9.4600          nan
   947 9.4700          nan
   948 9.4800          nan
   949 9.4900          nan
   950 9.5000          nan
   951 9.5100          nan
   952 9.5200          nan
   953 9.5300          nan
   954 9.5400          nan
   955 9.5500          nan
   956 9.5600          nan
   957 9.5700          nan
   958 9.5800          nan
   959 9.5900          nan
   960 9.6000          nan
   961 9.6100          nan
   962 9.6200          nan
   963 9.6300          nan
   964 9.6400          nan
   965 9.6500          nan
   966 9.6600          nan
   967 9.6700          nan
   968 9.6800          nan
   969 9.6900          nan
   970 9.7000          nan
   971 9.7100          nan
   972 9.7200          nan
   973 9.7300          nan
   974 9.7400          nan
   975 9.7500          nan
   976 9.7600          nan
   977 9.7700          nan
   978 9.7800          nan
   979 9.7900          nan
   980 9.8000          nan
   981 9.8100          nan
   982 9.8200          nan
   983 9.8300          nan
   984 9.8400          nan
   985 9.8500          nan
   986 9.8600          nan
   987 9.8700          nan
   988 9.8800          nan
   989 9.8900          nan
   990 9.9000          nan
   991 9.9100          nan
   992 9.9200          nan
   993 9.9300          nan
   994 9.9400          nan
   995 9.9500          nan
   996 9.9600          nan
   997 9.9700          nan
   998 9.9800          nan
   999 9.9900          nan
  1000 10.0000          nan
  1001 10.0100          nan
  1002 10.0200          nan
  1003 10.0300          nan
  1004 10.0400          nan
  1005 10.0500          nan
  1006 10.0600          nan
  1007 10.0700          nan
  1008 10.0800          nan
  1009 10.0900          nan
  1010 10.1000          nan
  1011 10.1100          nan
  1012 10.1200          nan
  1013 10.1300          nan
  1014 10.1400          nan
  1015 10.1500          nan
  1016 10.1600          nan
  1017 10.1700          nan
  1018 10.1800          nan
  1019 10.1900          nan
  1020 10.2000          nan
  1021 10.2100          nan
  1022 10.2200          nan
  1023 10.2300          nan
  1024 10.2400          nan
  1025 10.2500          nan
  1026 10.2600          nan
  1027 10.2700          nan
  1028 10.2800          nan
  1029 10.2900          nan
  1030 10.3000          nan
  1031 10.3100          nan
  1032 10.3200          nan
  1033 10.3300          nan
  1034 10.3400          nan
  1035 10.3500          nan
  1036 10.3600          nan
  1037 10.3700          nan
  1038 10.3800          nan
  1039 10.3900          nan
  1040 10.4000          nan
  1041 10.4100          nan
  1042 10.4200          nan
  1043 10.4300          nan
  1044 10.4400          nan
  1045 10.4500          nan
  1046 10.4600          nan
  1047 10.4700          nan
  1048 10.4800          nan
  1049 10.4900          nan
  1050 10.5000          nan
  1051 10.5100          nan
  1052 10.5200          nan
  1053 10.5300          nan
  1054 10.5400          nan
  1055 10.5500          nan
  1056 10.5600          nan
  1057 10.5700          nan
  1058 10.5800          nan
  1059 10.5900          nan
  1060 10.6000          nan
  1061 10.6100          nan
  1062 10.6200          nan
  1063 10.6300          nan
  1064 10.6400          nan
  1065 10.6500          nan
  1066 10.6600          nan
  1067 10.6700          nan
  1068 10.6800          nan
  1069 10.6900          nan
  1070 10.7000          nan
  1071 10.7100          nan
  1072 10.7200          nan
  1073 10.7300          nan
  1074 10.7400          nan
  1075 10.7500          nan
  1076 10.7600          nan
  1077 10.7700          nan
  1078 10.7800          nan
  1079 10.7900          nan
  1080 10.8000          nan
  1081 10.8100          nan
  1082 10.8200          nan
  1083 10.8300          nan
  1084 10.8400          nan
  1085 10.8500          nan
  1086 10.8600          nan
  1087 10.8700          nan
  1088 10.8800          nan
  1089 10.8900          nan
  1090 10.9000          nan
  1091 10.9100          nan
  1092 10.9200          nan
  1093 10.9300          nan
  1094 10.9400          nan
  1095 10.9500          nan
  1096 10.9600          nan
  1097 10.9700          nan
  1098 10.9800          nan
  1099 10.9900          nan
  1100 11.0000          nan
  1101 11.0100          nan
  1102 11.0200          nan
  1103 11.0300          nan
  1104 11.0400          nan
  1105 11.0500          nan
  1106 11.0600          nan
  1107 11.0700          nan
  1108 11.0800          nan
  1109 11.0900          nan
  1110 11.1000          nan
  1111 11.1100          nan
  1112 11.1200          nan
  1113 11.1300          nan
  1114 11.1400          nan
  1115 11.1500          nan
  1116 11.1600          nan
  1117 11.1700          nan
  1118 11.1800          nan
  1119 11.1900          nan
  1120 11.2000          nan
  1121 11.2100          nan
  1122 11.2200          nan
  1123 11.2300          nan
  1124 11.2400          nan
  1125 11.2500          nan
  1126 11.2600          nan
  1127 11.2700          nan
  1128 11.2800          nan
  1129 11.2900          nan
  1130 11.3000          nan
  1131 11.3100          nan
  1132 11.3200          nan
  1133 11.3300          nan
  1134 11.3400          nan
  1135 11.3500          nan
  1136 11.3600          nan
  1137 11.3700          nan
  1138 11.3800          nan
  1139 11.3900          nan
  1140 11.4000          nan
  1141 11.4100          nan
  1142 11.4200          nan
  1143 11.4300          nan
  1144 11.4400          nan
  1145 11.4500          nan
  1146 11.4600          nan
  1147 11.4700          nan
  1148 11.4800          nan
  1149 11.4900          nan
  1150 11.5000          nan
  1151 11.5100          nan
  1152 11.5200          nan
  1153 11.5300          nan
  1154 11.5400          nan
  1155 11.5500          nan
  1156 11.5600          nan
  1157 11.5700          nan
  1158 11.5800          nan
  1159 11.5900          nan
  1160 11.6000          nan
  1161 11.6100          nan
  1162 11.6200          nan
  1163 11.6300          nan
  1164 11.6400          nan
  1165 11.6500          nan
  1166 11.6600          nan
  1167 11.6700          nan
  1168 11.6800          nan
  1169 11.6900          nan
  1170 11.7000          nan
  1171 11.7100          nan
  1172 11.7200          nan
  1173 11.7300          nan
  1174 11.7400          nan
  1175 11.7500          nan
  1176 11.7600          nan
  1177 11.7700          nan
  1178 11.7800          nan
  1179 11.7900          nan
  1180 11.8000          nan
  1181 11.8100          nan
  1182 11.8200          nan
  1183 11.8300          nan
  1184 11.8400          nan
  1185 11.8500          nan
  1186 11.8600          nan
  1187 11.8700          nan
  1188 11.8800          nan
  1189 11.8900          nan
  1190 11.9000          nan
  1191 11.9100          nan
  1192 11.9200          nan
  1193 11.9300          nan
  1194 11.9400          nan
  1195 11.9500          nan
  1196 11.9600          nan
  1197 11.9700          nan
  1198 11.9800          nan
  1199 11.9900          nan
  1200 12.0000          nan
  1201 12.0100          nan
  1202 12.0200          nan
  1203 12.0300          nan
  1204 12.0400          nan
  1205 12.0500          nan
  1206 12.0600          nan
  1207 12.0700          nan
  1208 12.0800          nan
  1209 12.0900          nan
  1210 12.1000          nan
  1211 12.1100          nan
  1212 12.1200          nan
  1213 12.1300          nan
  1214 12.1400          nan
  1215 12.1500          nan
  1216 12.1600          nan
  1217 12.1700          nan
  1218 12.1800          nan
  1219 12.1900          nan
  1220 12.2000          nan
  1221 12.2100          nan
  1222 12.2200          nan
  1223 12.2300          nan
  1224 12.2400          nan
  1225 12.2500          nan
  1226 12.2600          nan
  1227 12.2700          nan
  1228 12.2800          nan
  1229 12.2900          nan
  1230 12.3000          nan
  1231 12.3100          nan
  1232 12.3200          nan
  1233 12.3300          nan
  1234 12.3400          nan
  1235 12.3500          nan
  1236 12.3600          nan
  1237 12.3700          nan
  1238 12.3800          nan
  1239 12.3900          nan
  1240 12.4000          nan
  1241 12.4100          nan
  1242 12.4200          nan
  1243 12.4300          nan
  1244 12.4400          nan
  1245 12.4500          nan
  1246 12.4600          nan
  1247 12.4700          nan
  1248 12.4800          nan
  1249 12.4900          nan
  1250 12.5000          nan
  1251 12.5100          nan
  1252 12.5200          nan
  1253 12.5300          nan
  1254 12.5400          nan
  1255 12.5500          nan
  1256 12.5600          nan
  1257 12.5700          nan
  1258 12.5800          nan
  1259 12.5900          nan
  1260 12.6000          nan
  1261 12.6100          nan
  1262 12.6200          nan
  1263 12.6300          nan
  1264 12.6400          nan
  1265 12.6500          nan
  1266 12.6600          nan
  1267 12.6700          nan
  1268 12.6800          nan
  1269 12.6900          nan
  1270 12.7000          nan
  1271 12.7100          nan
  1272 12.7200          nan
  1273 12.7300          nan
  1274 12.7400          nan
  1275 12.7500          nan
  1276 12.7600          nan
  1277 12.7700          nan
  1278 12.7800          nan
  1279 12.7900          nan
  1280 12.8000          nan
  1281 12.8100          nan
  1282 12.8200          nan
  1283 12.8300          nan
  1284 12.8400          nan
  1285 12.8500          nan
  1286 12.8600          nan
  1287 12.8700          nan
  1288 12.8800          nan
  1289 12.8900          nan
  1290 12.9000          nan
  1291 12.9100          nan
  1292 12.9200          nan
  1293 12.9300          nan
  1294 12.9400          nan
  1295 12.9500          nan
  1296 12.9600          nan
  1297 12.9700          nan
  1298 12.9800          nan
  1299 12.9900          nan
  1300 13.0000          nan
  1301 13.0100          nan
  1302 13.0200          nan
  1303 13.0300          nan
  1304 13.0400          nan
  1305 13.0500          nan
  1306 13.0600          nan
  1307 13.0700          nan
  1308 13.0800          nan
  1309 13.0900          nan
  1310 13.1000          nan
  1311 13.1100          nan
  1312 13.1200          nan
  1313 13.1300          nan
  1314 13.1400          nan
  1315 13.1500          nan
  1316 13.1600          nan
  1317 13.1700          nan
  1318 13.1800          nan
  1319 13.1900          nan
  1320 13.2000          nan
  1321 13.2100          nan
  1322 13.2200          nan
  1323 13.2300          nan
  1324 13.2400          nan
  1325 13.2500          nan
  1326 13.2600          nan
  1327 13.2700          nan
  1328 13.2800          nan
  1329 13.2900          nan
  1330 13.3000          nan
  1331 13.3100          nan
  1332 13.3200          nan
  1333 13.3300          nan
  1334 13.3400          nan
  1335 13.3500          nan
  1336 13.3600          nan
  1337 13.3700          nan
  1338 13.3800          nan
  1339 13.3900          nan
  1340 13.4000          nan
  1341 13.4100          nan
  1342 13.4200          nan
  1343 13.4300          nan
  1344 13.4400          nan
  1345 13.4500          nan
  1346 13.4600          nan
  1347 13.4700          nan
  1348 13.4800          nan
  1349 13.4900          nan
  1350 13.5000          nan
  1351 13.5100          nan
  1352 13.5200          nan
  1353 13.5300          nan
  1354 13.5400          nan
  1355 13.5500          nan
  1356 13.5600          nan
  1357 13.5700          nan
  1358 13.5800          nan
  1359 13.5900          nan
  1360 13.6000          nan
  1361 13.6100          nan
  1362 13.6200          nan
  1363 13.6300          nan
  1364 13.6400          nan
  1365 13.6500          nan
  1366 13.6600          nan
  1367 13.6700          nan
  1368 13.6800          nan
  1369 13.6900          nan
  1370 13.7000          nan
  1371 13.7100          nan
  1372 13.7200          nan
  1373 13.7300          nan
  1374 13.7400          nan
  1375 13.7500          nan
  1376 13.7600          nan
  1377 13.7700          nan
  1378 13.7800          nan
  1379 13.7900          nan
  1380 13.8000          nan
  1381 13.8100          nan
  1382 13.8200          nan
  1383 13.8300          nan
  1384 13.8400          nan
  1385 13.8500          nan
  1386 13.8600          nan
  1387 13.8700          nan
  1388 13.8800          nan
  1389 13.8900          nan
  1390 13.9000          nan
  1391 13.9100          nan
  1392 13.9200          nan
  1393 13.9300          nan
  1394 13.9400          nan
  1395 13.9500          nan
  1396 13.9600          nan
  1397 13.9700          nan
  1398 13.9800          nan
  1399 13.9900          nan
  1400 14.0000          nan
  1401 14.0100          nan
  1402 14.0200          nan
  1403 14.0300          nan
  1404 14.0400          nan
  1405 14.0500          nan
  1406 14.0600          nan
  1407 14.0700          nan
  1408 14.0800          nan
  1409 14.0900          nan
  1410 14.1000          nan
  1411 14.1100          nan
  1412 14.1200          nan
  1413 14.1300          nan
  1414 14.1400          nan
  1415 14.1500          nan
  1416 14.1600          nan
  1417 14.1700          nan
  1418 14.1800          nan
  1419 14.1900          nan
  1420 14.2000          nan
  1421 14.2100          nan
  1422 14.2200          nan
  1423 14.2300          nan
  1424 14.2400          nan
  1425 14.2500          nan
  1426 14.2600          nan
  1427 14.2700          nan
  1428 14.2800          nan
  1429 14.2900          nan
  1430 14.3000          nan
  1431 14.3100          nan
  1432 14.3200          nan
  1433 14.3300          nan
  1434 14.3400          nan
  1435 14.3500          nan
  1436 14.3600          nan
  1437 14.3700          nan
  1438 14.3800          nan
  1439 14.3900          nan
  1440 14.4000          nan
  1441 14.4100          nan
  1442 14.4200          nan
  1443 14.4300          nan
  1444 14.4400          nan
  1445 14.4500          nan
  1446 14.4600          nan
  1447 14.4700          nan
  1448 14.4800          nan
  1449 14.4900          nan
  1450 14.5000          nan
  1451 14.5100          nan
  1452 14.5200          nan
  1453 14.5300          nan
  1454 14.5400          nan
  1455 14.5500          nan
  1456 14.5600          nan
  1457 14.5700          nan
  1458 14.5800          nan
  1459 14.5900          nan
  1460 14.6000          nan
  1461 14.6100          nan
  1462 14.6200          nan
  1463 14.6300          nan
  1464 14.6400          nan
  1465 14.6500          nan
  1466 14.6600          nan
  1467 14.6700          nan
  1468 14.6800          nan
  1469 14.6900          nan
  1470 14.7000          nan
  1471 14.7100          nan
  1472 14.7200          nan
  1473 14.7300          nan
  1474 14.7400          nan
  1475 14.7500          nan
  1476 14.7600          nan
  1477 14.7700          nan
  1478 14.7800          nan
  1479 14.7900          nan
  1480 14.8000          nan
  1481 14.8100          nan
  1482 14.8200          nan
  1483 14.8300          nan
  1484 14.8400          nan
  1485 14.8500          nan
  1486 14.8600          nan
  1487 14.8700          nan
  1488 14.8800          nan
  1489 14.8900          nan
  1490 14.9000          nan
  1491 14.9100          nan
  1492 14.9200          nan
  1493 14.9300          nan
  1494 14.9400          nan
  1495 14.9500          nan
  1496 14.9600          nan
  1497 14.9700          nan
  1498 14.9800          nan
  1499 14.9900          nan
  1500 15.0000          nan
  1501 15.0100          nan
  1502 15.0200          nan
  1503 15.0300          nan
  1504 15.0400          nan
  1505 15.0500          nan
  1506 15.0600          nan
  1507 15.0700          nan
  1508 15.0800          nan
  1509 15.0900          nan
  1510 15.1000          nan
  1511 15.1100          nan
  1512 15.1200          nan
  1513 15.1300          nan
  1514 15.1400          nan
  1515 15.1500          nan
  1516 15.1600          nan
  1517 15.1700          nan
  1518 15.1800          nan
  1519 15.1900          nan
  1520 15.2000          nan
  1521 15.2100          nan
  1522 15.2200          nan
  1523 15.2300          nan
  1524 15.2400          nan
  1525 15.2500          nan
  1526 15.2600          nan
  1527 15.2700          nan
  1528 15.2800          nan
  1529 15.2900          nan
  1530 15.3000          nan
  1531 15.3100          nan
  1532 15.3200          nan
  1533 15.3300          nan
  1534 15.3400          nan
  1535 15.3500          nan
  1536 15.3600          nan
  1537 15.3700          nan
  1538 15.3800          nan
  1539 15.3900          nan
  1540 15.4000          nan
  1541 15.4100          nan
  1542 15.4200          nan
  1543 15.4300          nan
  1544 15.4400          nan
  1545 15.4500          nan
  1546 15.4600          nan
  1547 15.4700          nan
  1548 15.4800          nan
  1549 15.4900          nan
  1550 15.5000          nan
  1551 15.5100          nan
  1552 15.5200          nan
  1553 15.5300          nan
  1554 15.5400          nan
  1555 15.5500          nan
  1556 15.5600          nan
  1557 15.5700          nan
  1558 15.5800          nan
  1559 15.5900          nan
  1560 15.6000          nan
  1561 15.6100          nan
  1562 15.6200          nan
  1563 15.6300          nan
  1564 15.6400          nan
  1565 15.6500          nan
  1566 15.6600          nan
  1567 15.6700          nan
  1568 15.6800          nan
  1569 15.6900          nan
  1570 15.7000          nan
  1571 15.7100          nan
  1572 15.7200          nan
  1573 15.7300          nan
  1574 15.7400          nan
  1575 15.7500          nan
  1576 15.7600          nan
  1577 15.7700          nan
  1578 15.7800          nan
  1579 15.7900          nan
  1580 15.8000          nan
  1581 15.8100          nan
  1582 15.8200          nan
  1583 15.8300          nan
  1584 15.8400          nan
  1585 15.8500          nan
  1586 15.8600          nan
  1587 15.8700          nan
  1588 15.8800          nan
  1589 15.8900          nan
  1590 15.9000          nan
  1591 15.9100          nan
  1592 15.9200          nan
  1593 15.9300          nan
  1594 15.9400          nan
  1595 15.9500          nan
  1596 15.9600          nan
  1597 15.9700          nan
  1598 15.9800          nan
  1599 15.9900          nan
  1600 16.0000          nan
  1601 16.0100          nan
  1602 16.0200          nan
  1603 16.0300          nan
  1604 16.0400          nan
  1605 16.0500          nan
  1606 16.0600          nan
  1607 16.0700          nan
  1608 16.0800          nan
  1609 16.0900          nan
  1610 16.1000          nan
  1611 16.1100          nan
  1612 16.1200          nan
  1613 16.1300          nan
  1614 16.1400          nan
  1615 16.1500          nan
  1616 16.1600          nan
  1617 16.1700          nan
  1618 16.1800          nan
  1619 16.1900          nan
  1620 16.2000          nan
  1621 16.2100          nan
  1622 16.2200          nan
  1623 16.2300          nan
  1624 16.2400          nan
  1625 16.2500          nan
  1626 16.2600          nan
  1627 16.2700          nan
  1628 16.2800          nan
  1629 16.2900          nan
  1630 16.3000          nan
  1631 16.3100          nan
  1632 16.3200          nan
  1633 16.3300          nan
  1634 16.3400          nan
  1635 16.3500          nan
  1636 16.3600          nan
  1637 16.3700          nan
  1638 16.3800          nan
  1639 16.3900          nan
  1640 16.4000          nan
  1641 16.4100          nan
  1642 16.4200          nan
  1643 16.4300          nan
  1644 16.4400          nan
  1645 16.4500          nan
  1646 16.4600          nan
  1647 16.4700          nan
  1648 16.4800          nan
  1649 16.4900          nan
  1650 16.5000          nan
  1651 16.5100          nan
  1652 16.5200          nan
  1653 16.5300          nan
  1654 16.5400          nan
  1655 16.5500          nan
  1656 16.5600          nan
  1657 16.5700          nan
  1658 16.5800          nan
  1659 16.5900          nan
  1660 16.6000          nan
  1661 16.6100          nan
  1662 16.6200          nan
  1663 16.6300          nan
  1664 16.6400          nan
  1665 16.6500          nan
  1666 16.6600          nan
  1667 16.6700          nan
  1668 16.6800          nan
  1669 16.6900          nan
  1670 16.7000          nan
  1671 16.7100          nan
  1672 16.7200          nan
  1673 16.7300          nan
  1674 16.7400          nan
  1675 16.7500          nan
  1676 16.7600          nan
  1677 16.7700          nan
  1678 16.7800          nan
  1679 16.7900          nan
  1680 16.8000          nan
  1681 16.8100          nan
  1682 16.8200          nan
  1683 16.8300          nan
  1684 16.8400          nan
  1685 16.8500          nan
  1686 16.8600          nan
  1687 16.8700          nan
  1688 16.8800          nan
  1689 16.8900          nan
  1690 16.9000          nan
  1691 16.9100          nan
  1692 16.9200          nan
  1693 16.9300          nan
  1694 16.9400          nan
  1695 16.9500          nan
  1696 16.9600          nan
  1697 16.9700          nan
  1698 16.9800          nan
  1699 16.9900          nan
  1700 17.0000          nan
  1701 17.0100          nan
  1702 17.0200          nan
  1703 17.0300          nan
  1704 17.0400          nan
  1705 17.0500          nan
  1706 17.0600          nan
  1707 17.0700          nan
  1708 17.0800          nan
  1709 17.0900          nan
  1710 17.1000          nan
  1711 17.1100          nan
  1712 17.1200          nan
  1713 17.1300          nan
  1714 17.1400          nan
  1715 17.1500          nan
  1716 17.1600          nan
  1717 17.1700          nan
  1718 17.1800          nan
  1719 17.1900          nan
  1720 17.2000          nan
  1721 17.2100          nan
  1722 17.2200          nan
  1723 17.2300          nan
  1724 17.2400          nan
  1725 17.2500          nan
  1726 17.2600          nan
  1727 17.2700          nan
  1728 17.2800          nan
  1729 17.2900          nan
  1730 17.3000          nan
  1731 17.3100          nan
  1732 17.3200          nan
  1733 17.3300          nan
  1734 17.3400          nan
  1735 17.3500          nan
  1736 17.3600          nan
  1737 17.3700          nan
  1738 17.3800          nan
  1739 17.3900          nan
  1740 17.4000          nan
  1741 17.4100          nan
  1742 17.4200          nan
  1743 17.4300          nan
  1744 17.4400          nan
  1745 17.4500          nan
  1746 17.4600          nan
  1747 17.4700          nan
  1748 17.4800          nan
  1749 17.4900          nan
  1750 17.5000          nan
  1751 17.5100          nan
  1752 17.5200          nan
  1753 17.5300          nan
  1754 17.5400          nan
  1755 17.5500          nan
  1756 17.5600          nan
  1757 17.5700          nan
  1758 17.5800          nan
  1759 17.5900          nan
  1760 17.6000          nan
  1761 17.6100          nan
  1762 17.6200          nan
  1763 17.6300          nan
  1764 17.6400          nan
  1765 17.6500          nan
  1766 17.6600          nan
  1767 17.6700          nan
  1768 17.6800          nan
  1769 17.6900          nan
  1770 17.7000          nan
  1771 17.7100          nan
  1772 17.7200          nan
  1773 17.7300          nan
  1774 17.7400          nan
  1775 17.7500          nan
  1776 17.7600          nan
  1777 17.7700          nan
  1778 17.7800          nan
  1779 17.7900          nan
  1780 17.8000          nan
  1781 17.8100          nan
  1782 17.8200          nan
  1783 17.8300          nan
  1784 17.8400          nan
  1785 17.8500          nan
  1786 17.8600          nan
  1787 17.8700          nan
  1788 17.8800          nan
  1789 17.8900          nan
  1790 17.9000          nan
  1791 17.9100          nan
  1792 17.9200          nan
  1793 17.9300          nan
  1794 17.9400          nan
  1795 17.9500          nan
  1796 17.9600          nan
  1797 17.9700          nan
  1798 17.9800          nan
  1799 17.9900          nan
  1800 18.0000          nan
  1801 18.0100          nan
  1802 18.0200          nan
  1803 18.0300          nan
  1804 18.0400          nan
  1805 18.0500          nan
  1806 18.0600          nan
  1807 18.0700          nan
  1808 18.0800          nan
  1809 18.0900          nan
  1810 18.1000          nan
  1811 18.1100          nan
  1812 18.1200          nan
  1813 18.1300          nan
  1814 18.1400          nan
  1815 18.1500          nan
  1816 18.1600          nan
  1817 18.1700          nan
  1818 18.1800          nan
  1819 18.1900          nan
  1820 18.2000          nan
  1821 18.2100          nan
  1822 18.2200          nan
  1823 18.2300          nan
  1824 18.2400          nan
  1825 18.2500          nan
  1826 18.2600          nan
  1827 18.2700          nan
  1828 18.2800          nan
  1829 18.2900          nan
  1830 18.3000          nan
  1831 18.3100          nan
  1832 18.3200          nan
  1833 18.3300          nan
  1834 18.3400          nan
  1835 18.3500          nan
  1836 18.3600          nan
  1837 18.3700          nan
  1838 18.3800          nan
  1839 18.3900          nan
  1840 18.4000          nan
  1841 18.4100          nan
  1842 18.4200          nan
  1843 18.4300          nan
  1844 18.4400          nan
  1845 18.4500          nan
  1846 18.4600          nan
  1847 18.4700          nan
  1848 18.4800          nan
  1849 18.4900          nan
  1850 18.5000          nan
  1851 18.5100          nan
  1852 18.5200          nan
  1853 18.5300          nan
  1854 18.5400          nan
  1855 18.5500          nan
  1856 18.5600          nan
  1857 18.5700          nan
  1858 18.5800          nan
  1859 18.5900          nan
  1860 18.6000          nan
  1861 18.6100          nan
  1862 18.6200          nan
  1863 18.6300          nan
  1864 18.6400          nan
  1865 18.6500          nan
  1866 18.6600          nan
  1867 18.6700          nan
  1868 18.6800          nan
  1869 18.6900          nan
  1870 18.7000          nan
  1871 18.7100          nan
  1872 18.7200          nan
  1873 18.7300          nan
  1874 18.7400          nan
  1875 18.7500          nan
  1876 18.7600          nan
  1877 18.7700          nan
  1878 18.7800          nan
  1879 18.7900          nan
  1880 18.8000          nan
  1881 18.8100          nan
  1882 18.8200          nan
  1883 18.8300          nan
  1884 18.8400          nan
  1885 18.8500          nan
  1886 18.8600          nan
  1887 18.8700          nan
  1888 18.8800          nan
  1889 18.8900          nan
  1890 18.9000          nan
  1891 18.9100          nan
  1892 18.9200          nan
  1893 18.9300          nan
  1894 18.9400          nan
  1895 18.9500          nan
  1896 18.9600          nan
  1897 18.9700          nan
  1898 18.9800          nan
  1899 18.9900          nan
  1900 19.0000          nan
  1901 19.0100          nan
  1902 19.0200          nan
  1903 19.0300          nan
  1904 19.0400          nan
  1905 19.0500          nan
  1906 19.0600          nan
  1907 19.0700          nan
  1908 19.0800          nan
  1909 19.0900          nan
  1910 19.1000          nan
  1911 19.1100          nan
  1912 19.1200          nan
  1913 19.1300          nan
  1914 19.1400          nan
  1915 19.1500          nan
  1916 19.1600          nan
  1917 19.1700          nan
  1918 19.1800          nan
  1919 19.1900          nan
  1920 19.2000          nan
  1921 19.2100          nan
  1922 19.2200          nan
  1923 19.2300          nan
  1924 19.2400          nan
  1925 19.2500          nan
  1926 19.2600          nan
  1927 19.2700          nan
  1928 19.2800          nan
  1929 19.2900          nan
  1930 19.3000          nan
  1931 19.3100          nan
  1932 19.3200          nan
  1933 19.3300          nan
  1934 19.3400          nan
  1935 19.3500          nan
  1936 19.3600          nan
  1937 19.3700          nan
  1938 19.3800          nan
  1939 19.3900          nan
  1940 19.4000          nan
  1941 19.4100          nan
  1942 19.4200          nan
  1943 19.4300          nan
  1944 19.4400          nan
  1945 19.4500          nan
  1946 19.4600          nan
  1947 19.4700          nan
  1948 19.4800          nan
  1949 19.4900          nan
  1950 19.5000          nan
  1951 19.5100          nan
  1952 19.5200          nan
  1953 19.5300          nan
  1954 19.5400          nan
  1955 19.5500          nan
  1956 19.5600          nan
  1957 19.5700          nan
  1958 19.5800          nan
  1959 19.5900          nan
  1960 19.6000          nan
  1961 19.6100          nan
  1962 19.6200          nan
  1963 19.6300          nan
  1964 19.6400          nan
  1965 19.6500          nan
  1966 19.6600          nan
  1967 19.6700          nan
  1968 19.6800          nan
  1969 19.6900          nan
  1970 19.7000          nan
  1971 19.7100          nan
  1972 19.7200          nan
  1973 19.7300          nan
  1974 19.7400          nan
  1975 19.7500          nan
  1976 19.7600          nan
  1977 19.7700          nan
  1978 19.7800          nan
  1979 19.7900          nan
  1980 19.8000          nan
  1981 19.8100          nan
  1982 19.8200          nan
  1983 19.8300          nan
  1984 19.8400          nan
  1985 19.8500          nan
  1986 19.8600          nan
  1987 19.8700          nan
  1988 19.8800          nan
  1989 19.8900          nan
  1990 19.9000          nan
  1991 19.9100          nan
  1992 19.9200          nan
  1993 19.9300          nan
  1994 19.9400          nan
  1995 19.9500          nan
  1996 19.9600          nan
  1997 19.9700          nan
  1998 19.9800          nan
  1999 19.9900          nan
  2000 20.0000          nan
